0 576460752515235872
0 37889612327400694087680
0 42611978810270205083648
0 43755676942839257759744
0 1393796574908163946388520583874498028109824
0 1393796574908163946388557477362645380104192
0 110680464442460733472
0 39070203948118038282240
0 43792570430986609754112
0 43792570430986542645248
0 43755676942840197283840
0 42611978810269265559552
0 1393796574908163946388483690386350676115456
0 43792570430987549278208
0 1393796574908163946388594370850792732098560
0 1393796574908163946389664282007067953201152
0 1393796574908163946388520583874497021476864
0 1393796574908163946388520583874497961000960
0 1393796574908163946460573566226406462980096
0 37469948899932241952
0 110680464442469122048
0 1393796574908163946389738068983362724298752
0 1393796574908163946389664282007068020310016
0 36893488147630915616
0 37469948899867230240
0 42611978810270272192512
0 42538191833975501094912
0 119350434156900798955520
