0 576460752381018144
0 211812384
0 36893488147628818464
0 37889612327400559869952
0 37889612327400626978816
0 42611978810269131341824
0 36893488147563806752
0 576460752506847264
0 102760608
0 37469948899932241920
0 1393796574908163946388483690386350541897728
0 43755676942839123542016
0 576460752515235840
0 1393796574908163946388520583874497893892096
0 36893488147630915584
0 42538191833974427353088
0 1393796574908163946388483690386349602373632
0 42611978810270137974784
0 37889612327399620345856
0 110680464442458636320
0 43792570430986475536384
