0 3369993333393829974333376885880112290196212884563523289446657032224
0 13803492693581127574869511724556773163837585452048517000672650415046912
0 144115197741629728
0 2658455991569869524883592266941202432
0 18590859270377439520
0 2722258935367507708057484996855029825536
0 1363787923675323685599450159035711488288
0 13803492693581127574869511724558134293305269205902370499102377487892480
0 18590859262861246752
0 4763953136893138488597924968487146487808
0 18446744074145759616
0 19055812547572553954410146618021758631936
0 4083388403051261561597388777329040294144
0 2722258935367507707909911044265353412608
0 1363787923675323685599450159036852338688
0 1361129467683753853936508778059000709120
0 249031044995179610112
0 2658455991569832926543350027190796288
0 5444517870735015415764481856309175517184
0 2658455991569831764398473382415302688
0 2722258935367507707743890347602034557184
0 13803492693581127574869511724556773163837585452048609234393018694369280
0 24500330418307569369492098943603412303872
0 83010348331927863424
0 18590859261854613792
0 2722258935367507707762337091675744108544
0 119903836479212748928
0 101457092405503197312
0 2722258935367507707836124067970246770944
0 2722258935367507707836124067970515206144
0 46116860184508760192
0 2722258935367507707817677323896503664768
0 129127208516369514752
0 55340232221598417152
0 2722258935367507707983698020559856074752
0 2722258935367507707845347440007101546496
0 18590859262928355360
0 2722258935367507707836124067970179661952
0 6125082604576892342368413049882425688192
0 2658455991569832944990094099759497248
0 83010348331793645952
0 24500330418307569369473652199529635643520
0 1363787923675323685599450159035778596896
0 2722258935367507707762337091675676999936
0 13803492693581127574869511724558134293305269205902444286078672057663488
0 3369993333393829974333376885880112290196212884581970033520299474976
0 2658455991569831745951729308705751328
0 13803492693581127574869511724556773163837585452048517000672650482155520
0 2722258935367507708039038252781320274176
0 2658455991569869524883592265867460640
0 144115196734996768
0 2722258935367507708039038252781387382784
0 2658455991569831764398473382348194080
0 13803492693581127574869511724556773163837585452048535447416724124598272
0 13803492693581127574869511724556773163837585452048590787648944917708928
0 2658455991569831745951729309779492896
0 18446744074078650752
0 230584300921604276224
0 1361129467683753853853642544915217908000
0 4083388403051261561615835521402749845504
0 2658455991569832926543350026117054496
0 2722258935367507707743890347601967448448
0 5444517870735015415746035112235533074432
0 267477789068889161728
0 4083388403051261561671175753623610065152
0 4083388403051261561597388777329107402752
0 36893488147855311232
0 6125082604576892342405306538029945454592
0 1361129467683753853936508778058866491520
0 25861459885991323223327150629256775598080
0 503316864
0 83010348331927863552
0 64563604258016985472
0 2722258935367507707762337091675710554112
0 36893488147788202368
0 83010348332196298752
0 1361129467683753853853642544916291649568
0 2722258935367507707771560463712531775488
0 24500330418307569369639672896192954499072
0 101457092405637414912
0 75153362648762663292463379097258784876021844935059569256463285422407574683779760387051252511835887943611842592
0 3369993333393829974333376885880112290196212884563523289446589923616
0 2658455991569831745951729317228577056
0 304371277216509591936
0 2658455991569831745951729309712384288
0 3369993333393829974333376885880112290196212884563523289447730774016
0 156797324626833179008
0 2658455991570473987793399580454813696
0 1361129467683753853853642544923740733728
0 4083388403051261561892536682508393119744
0 6901746346790563787434755862277028110907100542002132506891832862441760
0 20705239040371691362304267586833798616288694424218903555835174638845952
0 46116860184441651584
0 3369993333393829974333376885880112290196212885762561654238782423040
0 5444517870735015415432440462982302925184
0 17014118346046923173343974440288651313152
0 144115189218804000
0 2658455991569831745951729309779493120
0 55340232221430645120
0 230584300921738493952
0 1361129467683753853853642544916224540960
0 4083388403051261561606612149365895069696
0 83010348331860754816
0 2658455991569831745951729318369427456
0 2722258935367507707725443603528157233536
0 359711509437738909696
0 4763953136893138488524137992192308281600
0 4763953136893138488524137992192576716800
0 10208471007628153903938131711100599664640
0 230584300921470058624
0 5444517870735015415746035112235465965824
0 2722258935367507707817677323896537219456
0 2658455991569831764398473383489044480
0 166020696663687954816
0 16333553612205046246712373130604467716096
0 1361129467683753854084082730648542904320
0 2722258935367507707743890347602034557056
0 46116860184374542720
0 2722258935367507707743890347602068111360
0 2658455991569832944990094100833239040
0 2722258935367507707817677323896470110592
0 2722258935367507707965251276486146523264
0 144115197808738336
0 2658455991569832944990094100831142144
0 2658455991570475186831764371506462720
0 18446744073944433024
0 55340232221631971328
0 55340232221464199552
0 2722258935367507707743890347601900339584
0 2658455991569832944990094099824508960
0 138350580552855191680
0 2722258935367507708260399181665499348992
0 64563604258184757504
0 64563604258453192704
0 92233720368648421760
0 2722258935367507707965251276486180077568
0 55340232221598417024
0 4083388403051261561818749706213219368960
0 138350580553224290304
0 4083388403051261561671175753623542956160
0 129127208516403068928
0 276701161105710383232
0 64563604258151202944
0 64563604258084094080
0 36893488147888865664
0 129127208516101079424
0 2722258935367507707799230579822794113152
0 138350580552955855104
0 2722258935367507707836124067970280325120
0 92233720368782639232
0 55340232221531308416
0 202914184811207721216
0 64563604258386084096
0 285924533142531604480
0 2722258935367507707799230579822928330752
0 64563604258419638272
0 18446744074212868352
0 36893488147922419968
0 36893488147653984640
0 36893488147922419840
0 2722258935367507707983698020559822520320
0 92233720368782639360
0 64563604258218311680
0 2722258935367507707836124067970146107520
0 138350580552888746112
0 46116860184508760320
0 46116860184777195520
0 18446744074212868224
0 285924533142565158912
0 285924533142632267776
0 92233720369051074560
0 64563604258184757376
0 5444517870735015415469333951129822691584
0 138350580552989409280
0 2658455991569870723921957057992851456
0 1361129467683753853991849010280028700672
0 55340232221564862720
0 2722258935367507708278845925739141791744
0 110680464442425082240
0 2658455991569832944990094100898250752
0 13803492693581127574869511724556773163837585452048590787648945051926528
0 119903836479346966528
0 4083388403051261561671175753623677173760
0 138350580553022963712
0 24500330418307569369473652199529769861120
0 2722258935367507707817677323896637882368
0 2722258935367507707817677323896604328064
0 110680464442492190976
0 110680464442458636672
0 110680464442760626176
0 18590859262928355584
0 18590859271518289920
0 64563604258151203072
0 55340232221296427392
0 55340232221564862592
0 2658455991569832944990094109421076480
0 144115197808738560
0 92233720368715530624
0 2722258935367507707946804532412470525952
0 1361129467683753853918062033985458929664
0 212137556848062496768
0 202914184811241275392
0 64563604258117648768
0 1361129467683753853853642544916291649792
0 304371277216710918144
0 276701161105676828800
0 1361129467683753853853642544924881584128
0 4083388403051261562113897611392505085952
0 156797324627034505216
0 4763953136893138488745498921076688683008
0 4763953136893138488524137992192241172608
0 64563604258050539904
0 581072438321850875904
0 285924533142766485504
0 2722258935367507707725443603528358559744
0 166020696663889281024
