0 19167320014099316736
0 37614064087808868352
0 37614064087800479776
0 2722258935367507707744466808354004533248
0 2449958197300035616
0 144115192372920480
0 20752587082933731360
0 576460752339075456
0 57646075230484955136
0 576460752615899136
0 5444517870735016095471660740284755476480
0 144115189151695008
0 1182897463726700494880
0 18590859261795893280
0 9367487224999837728
0 2722258935367507707762337091675416952832
0 176160928
0 110680464446619385984
0 5444517870735015491027197677043877675008
0 36893488147823853824
0 720575940448485408
0 10633823966279326983374571670329098272
0 10633823966279326983374571670454927392
0 576460752345366688
0 9367487224932728992
0 2722258935367507707744034462789783257088
0 720575940389765152
0 720575940515594272
0 144115188111507616
0 37037603335505444896
0 720575940456873984
0 44040352
0 39775791908944609312
0 720575940523982848
0 10633823966279327020268059817874030592
0 18963252907777781137536
0 576460752313909408
0 39199331156643282976
0 2722258935367507707743890347601709498368
0 144115188220559392
0 2722258935367507707743890347601707401248
0 109052064
0 39199331156842512384
0 18446744073854255136
0 39180884412559154741248
0 1254378597016611586176
0 576460752378921120
0 5444517870735015492189342553687579426816
0 39199331156777500672
0 576460752481681408
0 5444517870735015528787682795927329832960
0 144115188153450528
0 144115188145062048
0 2722258935367507707743890347601774510080
0 36893488156411691264
0 39199331156775403552
0 576460752372629792
0 38037186279989162541056
0 39199331156708294688
0 10633823966279326983374571670522036224
0 36893488147689636128
0 23685619390643164938240
0 2722258935367507707817677323896470110240
0 102760736
0 36893488147890962432
0 144115188178616352
0 77594784
0 10633823966279327038714803891581485056
0 144115188287668224
0 36893488147821756704
0 37469948900192288768
0 37469948899923853568
0 2722258935367507707744466808354069544960
0 5902958103592425226368
0 77594912
0 5902958103592559443968
0 110824579630335262752
0 69206432
0 36893488147888865312
0 37037603335639662592
0 111149088
0 39775791909011718144
0 56060808161516322816
0 36893488147897253888
0 36893488147628818688
0 36893488147561709728
0 1254378597021980295168
0 129271323704176934912
0 18590859261854613632
0 144115188178616448
0 37469948899858841856
0 10633823966279327039147149455809052672
0 56060808161642151936
0 36893488147561709856
0 35652000
0 36893488147823853600
0 2658455991569831764398473382379651200
0 37469948900066459648
0 1291272085169332289536
0 144115188145062272
0 18446744073877323936
0 36893488147857408000
0 576460752540401664
0 144115188547715072
0 55340232226631581696
0 1218061569626797506560
0 720575940582703104
0 19023204826149290016
0 5939851591744139296768
0 36893488147563806976
0 36893488147832242176
0 55484347409347117056
0 9367487224999837824
0 5902958103592492335104
0 576460752473292832
0 5939851591739844329472
0 5902958103592458780672
0 36893488157485432832
0 1254378597022047404032
0 36893488148635451424
0 203423904
0 36893488148702560256
0 24792424035066778222592
0 37614064087934697472
0 110680464443398160416
0 576460753446371360
0 1151336480
0 236978208
0 37469948900997595136
0 1254378597017685327872
0 18963252907778854879232
0 110680464443406548992
0 110824579630469480448
0 178257952
0 24792424035066845331456
0 24792424035066744668160
0 37469948900932583424
0 110680464447693127680
0 243269664
0 234881184
0 110680464447760236544
0 36893488152854921344
0 92233720368751181824
0 236978304
0 36893488147662372864
0 36893488147628818560
0 169869472
0 37469948900938874880
0 19023204826216398848
0 1254378597017752436736
0 576460752378921248
0 24829317523214130216960
0 576460752381018240
0 19023204826157678592
0 24866211011361549320192
0 576460753452662816
0 576460753454759936
0 36893488148637548544
0 37469948900930486304
0 36893488151915397248
0 576460753580589056
0 36893488148568342560
0 36893488147586875552
0 1181168081470931075072
0 36893488147754647840
0 18963252907778921988096
0 24829317523213190692864
0 36893488147597361152
0 576460752506847360
0 37469948900871766016
0 24866211011360542687232
0 576460752546693120
0 576460752506847488
0 1291272085165037322240
0 36893488147763036192
0 18590859261886070816
0 129271323704051105792
0 211812480
0 24792424035065838698496
0 243269760
0 18446744073921363968
0 24903104499507894681600
0 245366784
0 1285554176
0 20328311969227925880832
0 18446744073778758016
0 36893488152888475648
0 18446744074181410816
