0 3026418949603459072
0 9943947977244540928
0 144115192406474880
0 144115189185249408
0 1256684440021538701312
0 312475680
0 24792424035066979549184
0 53169119831396634916728743163527692288
0 720575940414930976
0 37037603335530610720
0 2722258935367507708925058429071413739520
0 2658455991569831746528190060950454272
0 2658455991569831745951729308672196736
0 144115188354777120
0 576460756600488096
0 720575940658200576
0 2658455991569831746528190060942065696
0 2658455991569831745951729308672196640
0 144115188086341920
0 4305453216
0 720575940381376800
0 2658455991569831745951729308647030816
0 2658455991569831745951729308638642336
0 144115188346388768
0 576460756606779552
0 10633823966279326983374571670320709920
0 144115188077953440
0 2658455991569831745951729308705751168
0 304087424
0 83010348331802034176
0 9367487224932729120
0 2722258935367507707744034462790043303936
0 2722258935367507707743890347601707401472
0 301990304
0 83010348331793645600
0 144115188111507744
0 2722258935367507707743890347601969545216
0 1115685024
0 39199331157849145344
0 18446744073720037664
0 5921404847670429745152
0 144115188480606240
0 576460753412817024
0 1219790951874186706944
0 18446744073988472864
0 24939997987656387526656
0 576460753379262752
0 5921548962849915666432
0 18446744073980084512
0 19110826860363196137472
0 167772576
0 144115189218803840
0 18446744073711649184
0 55340232221533405184
0 144115189252358144
0 46116860184374542368
0 55340232221531308064
0 55340232221271261440
0 36893488151848288416
0 1182897463727841345536
0 176161152
0 144115193513771008
0 18590859261818962304
0 55484347409607163904
0 1084227744
0 720575941522227200
0 65140065010421071872
0 36893488147561709952
0 169869696
0 64563604258126036992
0 37469948899856744832
0 9367487225165512704
0 10633823966279326986256875431844118528
0 9367487224941117472
0 9799832789202239488
0 9367487225066946592
0 2722258935367507712466400945659420082176
0 304087328
0 37469948908446679296
0 10633823966279326986112760243770359808
0 720575940381376672
0 720575940414931072
0 144115188119896096
0 720575940423319552
0 144115188245725216
0 2722258935367507707744466808355076177920
0 10633823966279326986112760243768262688
0 144115188086341792
0 9799832789193851008
0 10633823966279326983806917234590220288
0 144115188212170912
0 2722258935367507707743890347602781143040
0 41943456
0 39199331156775403776
0 576460752339075360
0 5921404847666134777856
0 36893488156151644416
0 576460752305521056
0 24810870779140420665344
0 18590859266113929344
0 75497888
0 144115188279279744
0 18446744073845866656
0 1217485108865235156992
0 144115188312834048
0 55340232222345003008
0 144115192440029312
0 144115188111507840
0 37037603335899709440
0 576460753479925760
0 1182897463726834712576
0 18446744074114301984
0 20291418481080573886464
0 10486176
0 720575940448485504
0 44040480
0 5902958103592693661696
0 2722258935367507707744466808355009069056
0 169869600
0 36893488148897595392
0 36893488148635451648
0 37469948900930486528
0 37469948901198921728
0 1404258392611206725632
0 9367487225134055424
0 5902958103592425226496
0 46116860184309530752
0 10633823966279328201292026099384975360
0 36893488148895498272
0 36893488147821756576
0 36893488153190465536
0 37037603335530610816
0 10633823966279328201292026099510804480
0 109052192
0 36893488157225385984
0 1149239584
0 36893488148635451520
0 19023204827155922944
0 36893488152930418688
0 576460753379262624
0 1220367412626355912704
0 28246576862878236672
0 576460753446371456
0 1182793760
0 46116860184443748352
0 10633823966279328201292026100450328576
0 369099040
0 576460757741338624
0 576460753446371584
0 576460757814738944
0 1249902720
0 1243611168
0 37469948905225453568
0 36893488152924127232
0 37469948900930486400
0 37469948909520420864
0 377487392
0 576460756667596928
0 1293577928168890695680
0 576460752372629888
0 65140065010295242752
0 201327008
0 1277165696
0 1310720000
0 234881312
0 1317011456
0 503316512
0 505413632
0 236978432
0 36893488152857018368
0 203424128
0 243269888
0 36893488152854921248
0 18446744073912975488
0 36893488157183442944
0 36893488148593508384
0 37469948900863377664
0 37469948909453312000
0 138350580552830025728
0 18446744073952821248
0 18590859262020288512
0 1441151880758558720000
0 18590859262959812608
0 37469948905158344704
