0 3369993333393829974333376885880112290196212884563523289446589923360
0 2658455991569831745951729308638642464
0 144115196667887904
0 144115189151695136
0 2658455991569831745951729309779492864
0 18446744074011541888
0 230584300921470058496
0 1361129467683753853853642544915150799136
0 4083388403051261561597388777329040293888
0 36893488147586875776
0 2658455991569832944990094100831141888
0 2658455991569831745951729308705751072
0 2722258935367507707743890347601967448320
0 369099136
0 83010348331927863296
0 18590859261787504928
0 2722258935367507707762337091675676999680
0 2658455991569831764398473382348193824
0 144115188145062176
0 2722258935367507707743890347602034556928
0 83010348331793645696
0 2722258935367507707817677323896470110336
0 144115189218803744
0 18446744073778757920
0 55340232221598416896
0 46116860184374542464
0 36893488147821756800
0 129127208516101079296
0 234881408
0 36893488147888865408
0 18446744073944432768
0 36893488147922419712
0 138350580552955854848
0 55340232221531308288
0 92233720368782639104
0 18590859262928355328
0 46116860184508760064
0 144115189218803968
0 18446744073877324160
0 55340232221564862464
0 36893488147754647936
0 144115197808738304
0 64563604258117648640
0 64563604258386083840
0 503316608
0 64563604258050539648
0 285924533142498050048
0 18446744073944432896
0 18446744074212868096
